104
2 2 3
3 4 5 6
4 7 8 9 10
2 11 12
2 13 14
3 15 16 17
3 18 19 20
2 21 22
2 23 24
3 25 26 27
1 28
2 29 30
3 31 32 33
2 34 35
2 36 37
1 38
3 39 40 41
0
2 42 43
2 44 45
3 46 47 48
2 49 50
2 51 52
2 53 54
3 55 56 57 
3 58 59 60
3 61 62 63
2 64 65
0
2 66 67
0
0
3 68 69 70
0
2 71 72
0
1 73
3 74 75 76
2 77 78
0
2 79 80
2 81 82
2 83 84
0
1 85
2 86 87
2 88 89
0
1 90
3 91 92 93
0
2 94 95
2 96 97
1 98
0
3 99 100 101
2 102 103
1 104
0
0
0
0
0
0
0
0
0
0
0
0
0
0
0
0
0
0
0
0
0
0
0
0
0
0
0
0
0
0
0
0
0
0
0
0
0
0
0
0
0
0
0
0