112
4 2 3 4 5
2 6 7
2 8 9
2 10 11
2 12 13
2 14 15
2 16 17
1 18
3 19 20 21
2 22 23
2 24 25
3 26 27 28
2 29 30
4 31 32 33 34
1 35
2 36 37
3 38 39 40
2 41 42
1 43
2 44 45
0
3 46 47 48
2 49 50
4 51 52 53 54
4 55 56 57 58
2 59 60
1 61
2 62 63
2 64 65
0
2 66 67
2 68 69
1 70
2 71 73
0
1 74
1 75
2 76 77
2 78 79
2 80 81
0
3 82 83 84
2 85 86
1 87
2 88 89
2 90 91
2 92 93
2 94 95
0
2 96 97
1 98
2 99 100
0
3 101 102 103
0
2 104 105
0
3 106 107 108
2 109 110
2 111 112
0
0
0
0
0
0
0
0
0
0
0
0
0
0
0
0
0
0
0
0
0
0
0
0
0
0
0
0
0
0
0
0
0
0
0
0
0
0
0
0
0
0
0
0
0
0
0



















