120
3 2 3 4
4 5 6 7 8
2 9 10
5 11 12 13 14 15
2 16 17
3 18 19 20
1 21
3 22 23 24
3 25 26 27
2 28 29
4 30 31 32 33
0
3 34 35 36
1 37
2 38 39
1 40
3 41 42 43
2 44 45
2 46 47
0
1 48
2 49 50
2 51 52
1 53
0
2 54 55
3 56 57 58
0
4 59 60 61 62
0
2 63 64
3 65 66 67
0
2 68 69
1 70
1 71
4 72 73 74 75
0
2 76 77
3 78 79 80
0
2 81 82
0
2 83 84
1 85
2 86 87
0
2 88 89
0
2 90 91
3 92 93 94
0
0
2 95 96
0
3 97 98 99
0
2 100 101
0
2 102 103
0
2 104 105
0
2 106 107
0
3 108 109 110
0
0
2 111 112
0
0
0
2 113 114
0
2 115 116
0
4 117 118 119 120
0
0
0
0
0
0
0
0
0
0
0
0
0
0
0
0
0
0
0
0
0
0
0
0
0
0
0
0
0
0
0
0
0
0
0
0
0
0
0
0
0
0
0