4 4
13 11 10 9 
8 6 5 12 
2 4 3 14 
7 15 1 0

4 4
14 6 9 12
2 5 11 15
1 3 8 10
13 7 4 0

5 5
4 13 6 11 8
24 3 22 23 7
2 10 16 21 18
14 15 17 9 1
12 20 5 19 0

5 5
16 1 18 11 3
12 20 9 22 2
19 21 5 17 13
7 15 4 14 23
6 24 10 8 0

5 5
5 12 11 18 2
15 6 4 17 7
16 1 22 21 19
14 3 23 24 10
13 8 20 9 0

5 5
6 18 5 10 2
14 8 22 17 7
20 11 19 13 4
21 3 1 24 15
23 9 16 12 0

5 5
17 1 2 6 21
13 18 7 4 16
15 14 10 20 24
8 19 5 22 3
12 11 23 9 0

4 4
12 6 13 11
15 9 8 2
3 14 7 5
4 10 1 0

4 3
3 10 2
7 6 4
1 5 8
11 9 0

4 5
18 15 1 8 9
6 19 13 2 11
5 16 3 10 12
4 17 7 14 0
