Параметры
Всего векторов: 15
Скорость обучения: 0,1
Степень схожести: 0,7
__________________________________________
Обучение
__________________________________________
Обучающая выборка:
                    v1                    v2                    v3                    v4                    v5                    v6                    v7                    v8                    v9
   0,850000000   0,850000000   0,200000000   0,650000000   0,800000000   0,750000000   0,700000000   0,800000000   0,750000000
   0,400000000   0,400000000   0,900000000   0,850000000   0,950000000   0,500000000   0,800000000   0,950000000   0,500000000
   0,900000000   0,850000000   0,400000000   0,900000000   0,650000000   0,500000000   0,850000000   0,800000000   0,500000000
   0,300000000   0,600000000   0,600000000   0,800000000   0,950000000   0,450000000   0,850000000   0,850000000   0,900000000
   0,800000000   0,950000000   0,350000000   0,650000000   0,400000000   0,900000000   0,200000000   0,950000000   0,950000000
   0,150000000   0,450000000   0,300000000   0,800000000   0,500000000   0,350000000   0,850000000   0,850000000   0,350000000
   0,700000000   0,800000000   0,300000000   0,800000000   0,850000000   0,350000000   0,550000000   0,800000000   0,500000000
   0,650000000   0,200000000   0,250000000   0,550000000   0,600000000   0,500000000   0,850000000   0,850000000   0,400000000
   0,500000000   0,250000000   0,600000000   0,650000000   0,300000000   0,700000000   0,650000000   0,500000000   0,200000000
   0,100000000   0,150000000   0,700000000   0,900000000   0,850000000   0,300000000   0,800000000   0,250000000   0,300000000
   0,200000000   0,250000000   0,600000000   0,850000000   0,550000000   0,300000000   0,250000000   0,950000000   0,350000000
   0,700000000   0,750000000   0,300000000   0,500000000   0,450000000   0,350000000   0,650000000   0,400000000   0,250000000
   0,850000000   0,450000000   0,350000000   0,600000000   0,400000000   0,350000000   0,100000000   0,150000000   0,350000000
   0,900000000   0,600000000   0,400000000   0,600000000   0,700000000   0,500000000   0,950000000   0,550000000   0,450000000
Протокол для вектора № 15
Входной вектор
(0,400;0,350;0,600;0,650;0,800;0,400;0,400;0,450;0,300)
Нормализованный вектор
(0,200;0,100;0,600;0,700;1,000;0,200;0,200;0,300;0,000)
Степень схожести нейрона-победителя: 68,98%. Создан новый класс 11
Вектор отнесен к 11 классу из 11
