Параметры
Всего векторов: 16
Скорость обучения: 0,2
Степень схожести: 0,65
Число нейронов сети: 10
__________________________________________
Обучение
__________________________________________
Обучающая выборка:
            v1            v2            v3            v4            v5            v6            v7            v8
  -0,550000000  -0,549000000  -0,729400000   0,966800000  -0,862000000   0,301800000  -0,862000000  -0,862000000
  -0,750000000  -0,682500000  -0,769800000  -0,759800000  -0,879400000   0,953900000  -0,874500000  -0,874500000
  -0,800000000  -0,694000000  -0,694000000  -0,877600000  -0,838900000  -0,854600000  -0,597300000   0,988800000
   0,900000000   0,983200000  -0,410500000  -0,314500000  -0,720000000   0,165500000  -0,720000000  -0,720000000
  -0,850000000  -0,984200000   0,950800000  -0,960800000   0,995400000  -0,980000000   0,638700000  -0,914500000
  -0,750000000  -0,960000000  -0,840000000  -0,900100000   0,752300000  -0,952200000   0,994000000  -0,877600000
  -0,800000000  -0,181800000   0,997300000   0,181800000   0,640000000   0,181800000   0,640000000   0,640000000
  -0,700000000  -0,927700000  -0,308500000  -0,824000000   0,849900000  -0,910200000   0,986500000  -0,139500000
  -0,800000000  -0,991200000  -0,963400000  -0,974500000   0,997900000  -0,986500000   0,153200000  -0,939700000
  -0,850000000  -0,823200000  -0,111500000  -0,733200000   0,827600000  -0,549000000   0,993200000  -0,837000000
  -0,550000000  -0,539000000  -0,759400000   0,976800000  -0,872000000   0,311800000  -0,872000000  -0,872000000
  -0,700000000  -0,683500000  -0,779800000  -0,769800000  -0,889400000   0,963900000  -0,884500000  -0,875500000
  -0,800000000  -0,679400000  -0,689400000  -0,857600000  -0,834900000  -0,824600000  -0,617300000   0,978800000
   0,950000000   0,993200000  -0,420500000  -0,325500000  -0,721000000   0,165500000  -0,721300000  -0,721300000
  -0,950000000  -0,731200000  -0,731200000  -0,903200000  -0,870100000  -0,881700000  -0,631100000   0,994000000
Протокол для вектора № 1
Входной вектор
(-0,550;-0,549;-0,729;0,967;-0,862;0,302;-0,862;-0,862)
Нормализованный вектор
(0,171;0,171;0,073;1,000;0,000;0,636;0,000;0,000)
Создан новый класс 1.
Протокол для вектора № 2
Входной вектор
(-0,750;-0,682;-0,770;-0,760;-0,879;0,954;-0,875;-0,875)
Нормализованный вектор
(0,071;0,107;0,060;0,065;0,000;1,000;0,003;0,003)
Степень схожести нейрона-победителя: 64,29%. Создан новый класс 2
Вектор отнесен к 2 классу из 2
Протокол для вектора № 3
Входной вектор
(-0,800;-0,694;-0,694;-0,878;-0,839;-0,855;-0,597;0,989)
Нормализованный вектор
(0,042;0,098;0,098;0,000;0,021;0,012;0,150;1,000)
Степень схожести нейрона-победителя: 50,01%. Создан новый класс 3
Вектор отнесен к 3 классу из 3
Протокол для вектора № 4
Входной вектор
(0,900;0,983;-0,410;-0,315;-0,720;0,166;-0,720;-0,720)
Нормализованный вектор
(0,951;1,000;0,182;0,238;0,000;0,520;0,000;0,000)
Степень схожести нейрона-победителя: 51,95%. Создан новый класс 4
Вектор отнесен к 4 классу из 4
Протокол для вектора № 5
Входной вектор
(-0,850;-0,984;0,951;-0,961;0,995;-0,980;0,639;-0,914)
Нормализованный вектор
(0,068;0,000;0,977;0,012;1,000;0,002;0,820;0,035)
Степень схожести нейрона-победителя: 37,53%. Создан новый класс 5
Вектор отнесен к 5 классу из 5
Протокол для вектора № 6
Входной вектор
(-0,750;-0,960;-0,840;-0,900;0,752;-0,952;0,994;-0,878)
Нормализованный вектор
(0,107;0,000;0,061;0,031;0,876;0,004;1,000;0,042)
Степень схожести нейрона-победителя: 66,67%
Вектор отнесен к 5 классу из 5
Протокол для вектора № 7
Входной вектор
(-0,800;-0,182;0,997;0,182;0,640;0,182;0,640;0,640)
Нормализованный вектор
(0,000;0,344;1,000;0,546;0,801;0,546;0,801;0,801)
Степень схожести нейрона-победителя: 58,75%. Создан новый класс 6
Вектор отнесен к 6 классу из 6
Протокол для вектора № 8
Входной вектор
(-0,700;-0,928;-0,308;-0,824;0,850;-0,910;0,987;-0,140)
Нормализованный вектор
(0,119;0,000;0,323;0,054;0,929;0,009;1,000;0,412)
Степень схожести нейрона-победителя: 77,96%
Вектор отнесен к 5 классу из 6
Протокол для вектора № 9
Входной вектор
(-0,800;-0,991;-0,963;-0,975;0,998;-0,987;0,153;-0,940)
Нормализованный вектор
(0,096;0,000;0,014;0,008;1,000;0,002;0,575;0,026)
Степень схожести нейрона-победителя: 73,18%
Вектор отнесен к 5 классу из 6
Протокол для вектора № 10
Входной вектор
(-0,850;-0,823;-0,112;-0,733;0,828;-0,549;0,993;-0,837)
Нормализованный вектор
(0,000;0,015;0,401;0,063;0,910;0,163;1,000;0,007)
Степень схожести нейрона-победителя: 88,58%
Вектор отнесен к 5 классу из 6
Протокол для вектора № 11
Входной вектор
(-0,550;-0,539;-0,759;0,977;-0,872;0,312;-0,872;-0,872)
Нормализованный вектор
(0,174;0,180;0,061;1,000;0,000;0,640;0,000;0,000)
Степень схожести нейрона-победителя: 99,45%
Вектор отнесен к 1 классу из 6
Протокол для вектора № 12
Входной вектор
(-0,700;-0,683;-0,780;-0,770;-0,889;0,964;-0,884;-0,875)
Нормализованный вектор
(0,102;0,111;0,059;0,065;0,000;1,000;0,003;0,008)
Степень схожести нейрона-победителя: 98,86%
Вектор отнесен к 2 классу из 6
Протокол для вектора № 13
Входной вектор
(-0,800;-0,679;-0,689;-0,858;-0,835;-0,825;-0,617;0,979)
Нормализованный вектор
(0,031;0,097;0,092;0,000;0,012;0,018;0,131;1,000)
Степень схожести нейрона-победителя: 99,11%
Вектор отнесен к 3 классу из 6
Протокол для вектора № 14
Входной вектор
(0,950;0,993;-0,420;-0,326;-0,721;0,166;-0,721;-0,721)
Нормализованный вектор
(0,975;1,000;0,175;0,231;0,000;0,517;0,000;0,000)
Степень схожести нейрона-победителя: 99,09%
Вектор отнесен к 4 классу из 6
Протокол для вектора № 15
Входной вектор
(-0,950;-0,731;-0,731;-0,903;-0,870;-0,882;-0,631;0,994)
Нормализованный вектор
(0,000;0,113;0,113;0,024;0,041;0,035;0,164;1,000)
Степень схожести нейрона-победителя: 97,8%
Вектор отнесен к 3 классу из 6
Протокол для вектора № 16
Входной вектор
(-0,900;-0,848;-0,886;0,997;-0,954;-0,111;-0,954;-0,954)
Нормализованный вектор
(0,028;0,054;0,035;1,000;0,000;0,432;0,000;0,000)
Степень схожести нейрона-победителя: 90,12%
Вектор отнесен к 1 классу из 6
